love 0.045406901132275496 0.1123451766570984 -0.22286452239696686 0.5102400377960369 -0.21795224887873196 -0.20365595351534427 0.35556197332332906 0.06720698885054324 0.028374950505914282 0.06718955337965271 -0.128377692969731 -0.16676454169081023 0.4409988967575803 0.034549273243807285 0.08972897420662768
happy -0.5804524383186354 -0.0891797814750298 0.049407631525248435 -0.13216286755127038 -0.15998611699073384 -0.21491449775698002 -0.19313074813931708 -0.05136916944054816 0.12107438145671441 -0.12085850809045018 -0.11343677150055854 -0.06934207766649497 0.13444285567902947 -0.11006684137950326 -0.045976729390203655
cheerful -0.4524269750661011 -0.16057044367868026 -0.17027302604128564 -0.21204131056369183 -0.1722601225437377 -0.13029244865459824 -0.3652438532587059 0.031243643970536847 0.1762396612141076 0.017049999560249447 -0.33314959956881063 -0.09070527355250203 -0.18382897347443405 -0.014289809554327048 -0.01286814759896183
wonderful -0.31271076109471047 -0.0783209644304849 -0.07735372291140692 0.15425365307154898 -0.33064722829639837 -0.04201438698582308 0.10185498655208573 -0.3818156006874641 -0.36968702823252053 0.30550486697206125 0.3898858257858866 0.07059535806223306 -0.1685316640556561 0.060565310793984646 -0.05242205888599764
lucky -0.3483780655573593 0.03139391857237774 0.5994147218849737 0.026724097312841977 -0.1882911825846882 -0.07368867801900567 0.045663736548617925 -0.10523224267757558 0.0025008575851666326 -0.057400424378269053 0.09271772835475997 -0.05436301343662778 0.11269646709625086 -0.24000567550354684 -0.21625169259472019
harmony -0.04460712597019434 -0.08978478555078975 -0.1211491464239286 0.3014284291381702 0.2215722883028906 -0.4129063535445881 -0.38195361607170586 0.5763600145819572 -0.31034765360755473 -0.0070109594011169615 0.19394678047253744 0.06904633550348183 -0.032953572733629116 0.057393683771079326 -0.007655868478721659
party 0.09127036344399449 -0.47722941883226494 -0.09602492728833742 -0.31642170990351626 0.5025068493398687 -0.04838314115718974 0.27350869396325983 -0.02490271898891389 0.03696050176137758 -0.07782448077810587 0.040250485670431935 0.04749907156284291 0.1501285263879704 0.17772428385086497 -0.3602829777234252
fun -0.2555380893245599 -0.23185632685598895 -0.1928864255401219 -0.1736599520605985 0.004712325929061382 0.26234898455791456 0.09385290822749237 0.043082443257921564 -0.12481597133267731 0.49597452150312304 -0.30274965949787613 -0.005135497993541946 0.007534397952967065 0.18434280992516244 0.08677626391354554
celebration -0.23371423311447273 -0.404204425380564 -0.12050194197355668 -0.2077821471548616 0.44405558697441505 -0.06660911009137183 0.1905538432708164 -0.15487043986509774 0.004191306425299093 -0.16058513272795577 0.1924641238378419 -0.030984486922148946 -0.0030889320357079964 -0.22088057472597797 0.39267734357512274
romantic 0.05764260062795498 -0.06508654988341481 -0.31366290383048806 0.43119772293853853 -0.11075013147226934 -0.04272168617740338 0.4747529794543548 0.10827016112980141 0.20804831249058886 -0.20181405778725858 -0.13508514573334438 0.0726245617239281 -0.4134204106470205 -0.10243744509835367 -0.09416782446811807
fortune -0.04031533646634555 0.11159966446641623 0.6610492014949054 0.031006782813024724 0.0261166325189289 -0.018075724154988836 0.12597547587859426 0.07948187040972976 0.024384606920926137 -0.0076317435831031386 -0.18048085770788153 0.5607359597231305 0.014001141112872005 0.102131900939705 0.13899553922151556
suffering 0.11557483393707513 0.7379677781729856 -0.08889314655483913 -0.22145766979898443 0.21342706501127195 -0.18387320093013926 0.04286554392245827 -0.10547215494581297 -0.06954334931413608 0.0419764278695341 -0.03572299704698475 -0.05330355769691913 -0.04433966641540756 -0.05169355518898009 0.05945201300384944
pain 0.16723735819013538 0.709191608680545 -0.18761901042280618 -0.2319108527653203 0.2686969411544843 -0.08290652572366089 0.021198425352269706 -0.06919446208106524 -0.07981873998507688 0.12157964631050613 -0.0754634751135613 0.008780235979463012 -0.03207072899950001 -0.09919245294011601 -0.1135194499804443
crime 0.2717349932176863 -0.034621603664361233 -0.07718579624351066 0.41150326074878085 0.2382224467805128 0.1293395326295615 -0.3936080668773364 -0.20977285233298854 0.5665311171722767 0.3052499857195033 0.18727186775167853 0.10827836068587919 0.047707846096812404 -0.038124041084476985 -0.015912665960670647
steal 0.3403594247117956 -0.1438684161984474 0.0910630233204913 0.41367238535165646 0.19581263968622942 0.2918026428121228 -0.3035330856579462 -0.3606198513024227 -0.4109645238105734 -0.3090490224311633 -0.29933403875855474 -0.08431049626834805 -0.003898151229045025 0.0011789152960826087 -0.013645336508236584
adversary 0.7219397223300162 -0.22037486476350565 0.06965215220751933 -0.33543586072866194 -0.34390095509900465 -0.1506682247074615 -0.05579157771425179 0.005033179802003185 0.02557762320821997 -0.017135128030563482 0.06413264683460988 -0.024171838038394646 -0.08570528934525035 0.007240208841167095 0.003936722243775274
enemy 0.7280040129427463 -0.19931037659820897 0.05544762302022504 -0.25662541661943394 -0.36070881988289166 -0.16053545001772823 -0.031064581293208885 0.002829914986376315 0.010874696230070553 0.008818338045198259 -0.0037098207172096415 -0.05008491943018898 0.05943919830679298 -0.010483869134802266 0.09033152804988884
sad -0.2710133224850566 0.33338803258515065 -0.2056614316425983 -0.10220532767060843 -0.20487018559175185 0.17239053589981165 -0.08400976753259096 -0.08483974169221684 0.1648144647156686 -0.44275237160405406 0.21848187322319668 0.009654227747884842 0.03684380685695959 0.4087068983015869 0.06846396339323449
boring -0.002474575414031321 0.06911328224646947 -0.2877982037426148 -0.1594829144959256 -0.19806142448094932 0.6965850167467805 -0.037551485527524485 0.35974918509986387 -0.09318970872604347 -0.059437532925217 0.1258125386496695 0.13989485539909577 0.13044320827898745 -0.26384339106474497 -0.047713924732426916
lottery 0.0024607122777867835 0.08940849593069751 0.6358398515590978 0.06915966014227477 0.17230564012349384 0.2787786687900915 0.12009821557930907 0.2748318319253721 0.08879449532225238 0.09815602237742936 0.10254618803390023 -0.4579432636919626 -0.16639895559057155 0.11718437071138889 0.05005432871436723
